Accuracy@1: 0.0976009842116055
Accuracy@5: 0.1945868361697765
Accuracy@10: 0.2585605905269633
MRR: 0.15281721411581994
Epoch: 0/1000 - Loss: 0.8172 - 33m 58s
Epoch: 1/1000 - Loss: 0.3819 - 1m 23s
Epoch: 2/1000 - Loss: 0.2995 - 1m 23s
Epoch: 3/1000 - Loss: 0.2769 - 1m 23s
